#room string x y
1100 1102
1110 1102 1159
1102 1100 1110 1402 1300 1308
10198 10199 10009
10199 10198 1300 1260 20100
10001 1214 1216 1218 1220 10005 10203 1291 1222
10005 10001 1224 1226 1228 1230 10009 1212
10009 10005 10198 1202 1204 1206 1208 1210
10200 10204 1300
10201 10398 1608
10202 10201 10203 1610
10203 10202 10204 10001 1612 1201
10204 10203 10205 10200 1614 10500
10205 10204 10206 1616
10206 10205 10207 1618
10207 10206 10208 1620
10208 10207 10399 1516
10398 10201 10401
10399 10407 10208
10401 10398 10402 1608
10402 10401 10403 1610
10403 10402 10404 1612
10404 10403 10405 1614
10405 10404 10406 1616
10406 10405 10407 1618
10407 10406 10399 1620
1608 10201 10401
1610 10202 10402
1612 10203 10403
1614 10204 10404
1616 10205 10405
1618 10206 10406
1620 10207 10407
1214 10001
1216 10001
1218 10001
1220 10001
1224 10005
1226 10005
1228 10005
1230 10005
1202 10009
1204 10009
1206 10009
1208 10009
1222 10001
1210 10009
1212 10005
1201 10203
1291 10001
1260 10199
1300 1102 10200 10199 10500
1306 10500
1308 1102 10500
1402 1102 1400
1400 1402 1410 1412 1418 1420 1414 1416 1506
1412 1400
1414 1400
1410 1400
1418 1400
1420 1400
20098 20099 2100 20001
20099 20098 2150 2160 20699 20009
20001 2402 2404 2406 2408 20098 20005
20005 2410 2412 20001 2420 20001 
20007 2426 2428 2424 2420 20009
20009 2429 2430 2432 20099 20007 
20100 2100 2102 2120 10199 3100
20598 2140 2102 20698
20599 20699 2176
20698 20598 2200
20699 20599 20099 2174
2100 2200 20100 20098
2102 20100 20598 2140
2402 20001
2404 20001
2406 20001
2408 20001
2410 20005
2412 20005
2426 20007
2428 20007
2430 20009
2429 20009
2150 20099
2160 20099
2422 2420
2491 2420
2424 20007
2432 20009
2420 20005 20007 2491 2422
2174 20699
2176 20599
2140 20598 2102
2200 2100 20698
3100 3220 3200 30098 20100
3200 3100 31303
31301 31302 30098
31302 31301 31303
31303 31302 3200
3220 3100
30098 31301 3100
1124 1159
1122 1159
1159 1122 1124 1506 1110
1506 1508 1159 1514 1400
1514 1506 1516 1512
1516 1514 1518 10208
1508 1506
1512 1514
1518 1516
1416 1400
10500 1300 1306 1308 10204
2120 20100
